Writing this to a file n=1000.

v = 
   0.0090
   0.0178
   0.0266
   0.0352
   0.0438
   0.0522
   0.0606
   0.0689
   0.0771
   0.0852
   0.0932
   0.1011
   0.1089
   0.1167
   0.1243
   0.1319
   0.1394
   0.1467
   0.1541
   0.1613
   0.1684
   0.1755
   0.1825
   0.1894
   0.1962
   0.2030
   0.2096
   0.2162
   0.2228
   0.2292
   0.2356
   0.2419
   0.2481
   0.2543
   0.2603
   0.2664
   0.2723
   0.2782
   0.2840
   0.2897
   0.2954
   0.3010
   0.3065
   0.3120
   0.3174
   0.3228
   0.3280
   0.3333
   0.3384
   0.3435
   0.3486
   0.3535
   0.3584
   0.3633
   0.3681
   0.3728
   0.3775
   0.3822
   0.3867
   0.3912
   0.3957
   0.4001
   0.4045
   0.4088
   0.4130
   0.4172
   0.4214
   0.4255
   0.4295
   0.4335
   0.4374
   0.4413
   0.4452
   0.4490
   0.4527
   0.4564
   0.4601
   0.4637
   0.4672
   0.4708
   0.4742
   0.4776
   0.4810
   0.4844
   0.4877
   0.4909
   0.4941
   0.4973
   0.5004
   0.5035
   0.5066
   0.5096
   0.5125
   0.5155
   0.5184
   0.5212
   0.5240
   0.5268
   0.5295
   0.5322
   0.5349
   0.5375
   0.5401
   0.5426
   0.5452
   0.5477
   0.5501
   0.5525
   0.5549
   0.5572
   0.5596
   0.5618
   0.5641
   0.5663
   0.5685
   0.5706
   0.5728
   0.5748
   0.5769
   0.5789
   0.5809
   0.5829
   0.5848
   0.5867
   0.5886
   0.5905
   0.5923
   0.5941
   0.5959
   0.5976
   0.5993
   0.6010
   0.6027
   0.6043
   0.6059
   0.6075
   0.6090
   0.6106
   0.6121
   0.6135
   0.6150
   0.6164
   0.6178
   0.6192
   0.6206
   0.6219
   0.6232
   0.6245
   0.6258
   0.6270
   0.6282
   0.6294
   0.6306
   0.6318
   0.6329
   0.6340
   0.6351
   0.6362
   0.6372
   0.6383
   0.6393
   0.6403
   0.6412
   0.6422
   0.6431
   0.6440
   0.6449
   0.6458
   0.6467
   0.6475
   0.6483
   0.6491
   0.6499
   0.6507
   0.6514
   0.6521
   0.6528
   0.6535
   0.6542
   0.6549
   0.6555
   0.6562
   0.6568
   0.6574
   0.6580
   0.6585
   0.6591
   0.6596
   0.6601
   0.6606
   0.6611
   0.6616
   0.6620
   0.6625
   0.6629
   0.6633
   0.6637
   0.6641
   0.6645
   0.6649
   0.6652
   0.6655
   0.6659
   0.6662
   0.6665
   0.6668
   0.6670
   0.6673
   0.6675
   0.6678
   0.6680
   0.6682
   0.6684
   0.6686
   0.6687
   0.6689
   0.6690
   0.6692
   0.6693
   0.6694
   0.6695
   0.6696
   0.6697
   0.6698
   0.6698
   0.6699
   0.6699
   0.6699
   0.6700
   0.6700
   0.6700
   0.6700
   0.6699
   0.6699
   0.6699
   0.6698
   0.6698
   0.6697
   0.6696
   0.6695
   0.6694
   0.6693
   0.6692
   0.6691
   0.6690
   0.6688
   0.6687
   0.6685
   0.6683
   0.6682
   0.6680
   0.6678
   0.6676
   0.6674
   0.6672
   0.6670
   0.6667
   0.6665
   0.6662
   0.6660
   0.6657
   0.6655
   0.6652
   0.6649
   0.6646
   0.6643
   0.6640
   0.6637
   0.6634
   0.6631
   0.6627
   0.6624
   0.6621
   0.6617
   0.6614
   0.6610
   0.6606
   0.6602
   0.6599
   0.6595
   0.6591
   0.6587
   0.6583
   0.6579
   0.6574
   0.6570
   0.6566
   0.6562
   0.6557
   0.6553
   0.6548
   0.6544
   0.6539
   0.6534
   0.6530
   0.6525
   0.6520
   0.6515
   0.6510
   0.6505
   0.6500
   0.6495
   0.6490
   0.6485
   0.6480
   0.6474
   0.6469
   0.6464
   0.6458
   0.6453
   0.6447
   0.6442
   0.6436
   0.6430
   0.6425
   0.6419
   0.6413
   0.6407
   0.6402
   0.6396
   0.6390
   0.6384
   0.6378
   0.6372
   0.6366
   0.6359
   0.6353
   0.6347
   0.6341
   0.6335
   0.6328
   0.6322
   0.6315
   0.6309
   0.6303
   0.6296
   0.6290
   0.6283
   0.6276
   0.6270
   0.6263
   0.6256
   0.6250
   0.6243
   0.6236
   0.6229
   0.6222
   0.6216
   0.6209
   0.6202
   0.6195
   0.6188
   0.6181
   0.6174
   0.6166
   0.6159
   0.6152
   0.6145
   0.6138
   0.6130
   0.6123
   0.6116
   0.6109
   0.6101
   0.6094
   0.6086
   0.6079
   0.6072
   0.6064
   0.6057
   0.6049
   0.6041
   0.6034
   0.6026
   0.6019
   0.6011
   0.6003
   0.5996
   0.5988
   0.5980
   0.5972
   0.5965
   0.5957
   0.5949
   0.5941
   0.5933
   0.5925
   0.5917
   0.5910
   0.5902
   0.5894
   0.5886
   0.5878
   0.5870
   0.5862
   0.5853
   0.5845
   0.5837
   0.5829
   0.5821
   0.5813
   0.5805
   0.5796
   0.5788
   0.5780
   0.5772
   0.5763
   0.5755
   0.5747
   0.5739
   0.5730
   0.5722
   0.5713
   0.5705
   0.5697
   0.5688
   0.5680
   0.5671
   0.5663
   0.5654
   0.5646
   0.5637
   0.5629
   0.5620
   0.5612
   0.5603
   0.5595
   0.5586
   0.5577
   0.5569
   0.5560
   0.5551
   0.5543
   0.5534
   0.5525
   0.5517
   0.5508
   0.5499
   0.5491
   0.5482
   0.5473
   0.5464
   0.5455
   0.5447
   0.5438
   0.5429
   0.5420
   0.5411
   0.5402
   0.5394
   0.5385
   0.5376
   0.5367
   0.5358
   0.5349
   0.5340
   0.5331
   0.5322
   0.5313
   0.5304
   0.5295
   0.5286
   0.5277
   0.5268
   0.5259
   0.5250
   0.5241
   0.5232
   0.5223
   0.5214
   0.5205
   0.5196
   0.5187
   0.5178
   0.5168
   0.5159
   0.5150
   0.5141
   0.5132
   0.5123
   0.5113
   0.5104
   0.5095
   0.5086
   0.5077
   0.5068
   0.5058
   0.5049
   0.5040
   0.5031
   0.5021
   0.5012
   0.5003
   0.4994
   0.4984
   0.4975
   0.4966
   0.4956
   0.4947
   0.4938
   0.4928
   0.4919
   0.4910
   0.4900
   0.4891
   0.4882
   0.4872
   0.4863
   0.4854
   0.4844
   0.4835
   0.4826
   0.4816
   0.4807
   0.4797
   0.4788
   0.4779
   0.4769
   0.4760
   0.4750
   0.4741
   0.4731
   0.4722
   0.4712
   0.4703
   0.4693
   0.4684
   0.4675
   0.4665
   0.4656
   0.4646
   0.4637
   0.4627
   0.4618
   0.4608
   0.4599
   0.4589
   0.4579
   0.4570
   0.4560
   0.4551
   0.4541
   0.4532
   0.4522
   0.4513
   0.4503
   0.4494
   0.4484
   0.4474
   0.4465
   0.4455
   0.4446
   0.4436
   0.4426
   0.4417
   0.4407
   0.4398
   0.4388
   0.4378
   0.4369
   0.4359
   0.4350
   0.4340
   0.4330
   0.4321
   0.4311
   0.4301
   0.4292
   0.4282
   0.4272
   0.4263
   0.4253
   0.4243
   0.4234
   0.4224
   0.4214
   0.4205
   0.4195
   0.4185
   0.4176
   0.4166
   0.4156
   0.4147
   0.4137
   0.4127
   0.4118
   0.4108
   0.4098
   0.4088
   0.4079
   0.4069
   0.4059
   0.4050
   0.4040
   0.4030
   0.4020
   0.4011
   0.4001
   0.3991
   0.3981
   0.3972
   0.3962
   0.3952
   0.3942
   0.3933
   0.3923
   0.3913
   0.3903
   0.3894
   0.3884
   0.3874
   0.3864
   0.3855
   0.3845
   0.3835
   0.3825
   0.3815
   0.3806
   0.3796
   0.3786
   0.3776
   0.3767
   0.3757
   0.3747
   0.3737
   0.3727
   0.3718
   0.3708
   0.3698
   0.3688
   0.3678
   0.3669
   0.3659
   0.3649
   0.3639
   0.3629
   0.3619
   0.3610
   0.3600
   0.3590
   0.3580
   0.3570
   0.3561
   0.3551
   0.3541
   0.3531
   0.3521
   0.3511
   0.3502
   0.3492
   0.3482
   0.3472
   0.3462
   0.3452
   0.3443
   0.3433
   0.3423
   0.3413
   0.3403
   0.3393
   0.3383
   0.3374
   0.3364
   0.3354
   0.3344
   0.3334
   0.3324
   0.3314
   0.3305
   0.3295
   0.3285
   0.3275
   0.3265
   0.3255
   0.3245
   0.3235
   0.3226
   0.3216
   0.3206
   0.3196
   0.3186
   0.3176
   0.3166
   0.3156
   0.3147
   0.3137
   0.3127
   0.3117
   0.3107
   0.3097
   0.3087
   0.3077
   0.3067
   0.3058
   0.3048
   0.3038
   0.3028
   0.3018
   0.3008
   0.2998
   0.2988
   0.2978
   0.2968
   0.2959
   0.2949
   0.2939
   0.2929
   0.2919
   0.2909
   0.2899
   0.2889
   0.2879
   0.2869
   0.2860
   0.2850
   0.2840
   0.2830
   0.2820
   0.2810
   0.2800
   0.2790
   0.2780
   0.2770
   0.2760
   0.2750
   0.2741
   0.2731
   0.2721
   0.2711
   0.2701
   0.2691
   0.2681
   0.2671
   0.2661
   0.2651
   0.2641
   0.2631
   0.2621
   0.2612
   0.2602
   0.2592
   0.2582
   0.2572
   0.2562
   0.2552
   0.2542
   0.2532
   0.2522
   0.2512
   0.2502
   0.2492
   0.2482
   0.2472
   0.2463
   0.2453
   0.2443
   0.2433
   0.2423
   0.2413
   0.2403
   0.2393
   0.2383
   0.2373
   0.2363
   0.2353
   0.2343
   0.2333
   0.2323
   0.2313
   0.2303
   0.2294
   0.2284
   0.2274
   0.2264
   0.2254
   0.2244
   0.2234
   0.2224
   0.2214
   0.2204
   0.2194
   0.2184
   0.2174
   0.2164
   0.2154
   0.2144
   0.2134
   0.2124
   0.2114
   0.2105
   0.2095
   0.2085
   0.2075
   0.2065
   0.2055
   0.2045
   0.2035
   0.2025
   0.2015
   0.2005
   0.1995
   0.1985
   0.1975
   0.1965
   0.1955
   0.1945
   0.1935
   0.1925
   0.1915
   0.1905
   0.1895
   0.1885
   0.1876
   0.1866
   0.1856
   0.1846
   0.1836
   0.1826
   0.1816
   0.1806
   0.1796
   0.1786
   0.1776
   0.1766
   0.1756
   0.1746
   0.1736
   0.1726
   0.1716
   0.1706
   0.1696
   0.1686
   0.1676
   0.1666
   0.1656
   0.1646
   0.1636
   0.1626
   0.1616
   0.1607
   0.1597
   0.1587
   0.1577
   0.1567
   0.1557
   0.1547
   0.1537
   0.1527
   0.1517
   0.1507
   0.1497
   0.1487
   0.1477
   0.1467
   0.1457
   0.1447
   0.1437
   0.1427
   0.1417
   0.1407
   0.1397
   0.1387
   0.1377
   0.1367
   0.1357
   0.1347
   0.1337
   0.1327
   0.1317
   0.1307
   0.1297
   0.1287
   0.1277
   0.1268
   0.1258
   0.1248
   0.1238
   0.1228
   0.1218
   0.1208
   0.1198
   0.1188
   0.1178
   0.1168
   0.1158
   0.1148
   0.1138
   0.1128
   0.1118
   0.1108
   0.1098
   0.1088
   0.1078
   0.1068
   0.1058
   0.1048
   0.1038
   0.1028
   0.1018
   0.1008
   0.0998
   0.0988
   0.0978
   0.0968
   0.0958
   0.0948
   0.0938
   0.0928
   0.0918
   0.0908
   0.0898
   0.0888
   0.0878
   0.0868
   0.0858
   0.0849
   0.0839
   0.0829
   0.0819
   0.0809
   0.0799
   0.0789
   0.0779
   0.0769
   0.0759
   0.0749
   0.0739
   0.0729
   0.0719
   0.0709
   0.0699
   0.0689
   0.0679
   0.0669
   0.0659
   0.0649
   0.0639
   0.0629
   0.0619
   0.0609
   0.0599
   0.0589
   0.0579
   0.0569
   0.0559
   0.0549
   0.0539
   0.0529
   0.0519
   0.0509
   0.0499
   0.0489
   0.0479
   0.0469
   0.0459
   0.0449
   0.0439
   0.0429
   0.0419
   0.0409
   0.0399
   0.0389
   0.0379
   0.0369
   0.0359
   0.0349
   0.0339
   0.0329
   0.0319
   0.0310
   0.0300
   0.0290
   0.0280
   0.0270
   0.0260
   0.0250
   0.0240
   0.0230
   0.0220
   0.0210
   0.0200
   0.0190
   0.0180
   0.0170
   0.0160
   0.0150
   0.0140
   0.0130
   0.0120
   0.0110
   0.0100
   0.0090
   0.0080
   0.0070
   0.0060
   0.0050
   0.0040
   0.0030
   0.0020
   0.0010
 
