Writing this to a file n=100.

v = 
   9.0484e-03
   8.1873e-03
   7.4082e-03
   6.7032e-03
   6.0653e-03
   5.4881e-03
   4.9659e-03
   4.4933e-03
   4.0657e-03
   3.6788e-03
   3.3287e-03
   3.0119e-03
   2.7253e-03
   2.4660e-03
   2.2313e-03
   2.0190e-03
   1.8268e-03
   1.6530e-03
   1.4957e-03
   1.3534e-03
   1.2246e-03
   1.1080e-03
   1.0026e-03
   9.0718e-04
   8.2085e-04
   7.4274e-04
   6.7206e-04
   6.0810e-04
   5.5023e-04
   4.9787e-04
   4.5049e-04
   4.0762e-04
   3.6883e-04
   3.3373e-04
   3.0197e-04
   2.7324e-04
   2.4724e-04
   2.2371e-04
   2.0242e-04
   1.8316e-04
   1.6573e-04
   1.4996e-04
   1.3569e-04
   1.2277e-04
   1.1109e-04
   1.0052e-04
   9.0953e-05
   8.2297e-05
   7.4466e-05
   6.7379e-05
   6.0967e-05
   5.5166e-05
   4.9916e-05
   4.5166e-05
   4.0868e-05
   3.6979e-05
   3.3460e-05
   3.0276e-05
   2.7394e-05
   2.4788e-05
   2.2429e-05
   2.0294e-05
   1.8363e-05
   1.6616e-05
   1.5034e-05
   1.3604e-05
   1.2309e-05
   1.1138e-05
   1.0078e-05
   9.1188e-06
   8.2510e-06
   7.4659e-06
   6.7554e-06
   6.1125e-06
   5.5308e-06
   5.0045e-06
   4.5283e-06
   4.0973e-06
   3.7074e-06
   3.3546e-06
   3.0354e-06
   2.7465e-06
   2.4852e-06
   2.2487e-06
   2.0347e-06
   1.8411e-06
   1.6659e-06
   1.5073e-06
   1.3639e-06
   1.2341e-06
   1.1167e-06
   1.0104e-06
   9.1424e-07
   8.2724e-07
   7.4852e-07
   6.7729e-07
   6.1283e-07
   5.5452e-07
   5.0175e-07
   4.5400e-07
 
